591976009823428608:592393075189657600,592524503617404929,592329383110541314,592372840042639360,592605903246921728
591979790627840000:592309926526980097,592619602619736064,592393742767628288,592247872919183361,592363638003867648
591985786880327682:592313376081981442,592306630466740225,592332639589113856,592388575934611456,592392312849739776
591987020924260354:592619602619736064,592332639589113856,592577300287229952,592048683866173440,592314718435479552
591988336090173440:592541356645453825,592363268330680321,592619602619736064,592379519350087681,592615081138999297
591989264256106499:592548743204962304,592309926526980097,592365529349824512,592239896103780352,592580103969722368
591992896485597184:592003335454076929,592054705838268417,592007187213393920,592393742767628288,592021652533153792
591995052169105408:592684009563549696,592334656634101760,592340045224345601,592239782618636288,592048938355589120
591996367784026113:592308226323976192,592619602619736064,592363638003867648,592314718435479552,592387366448312320
591996373869826048:592288174677757952,592027572952834048,592355806160420865,592372482159431680,592310653299204096
592006342212063232:592003335454076929,592274977384075264,592021652533153792,592315161282678784,592258310696501248
592006860271521793:592393742767628288,592332639589113856,592315161282678784,592312666883895296,592392312849739776
592011381005651968:592355054323019776,592125028558184448,592373593394323459,592213017821106176,592562912293621760
592012112500666370:592309926526980097,592332639589113856,592312666883895296,592541356645453825,592387366448312320
592014627862523904:592261617682808832,592247726194040832,592329805296578562,592288252628893696,591976580232052736
592018397384286208:592619602619736064,592577300287229952,592614208459550720,592004392091406336,592666086690189313
592018533673869313:592355054323019776,592362464601182208,592619602619736064,592346935626838016,592314718435479552
592022722437218304:592342335406505987,592261617682808832,592605903246921728,592293186778705920,592233687825055745
592023168681775104:592309926526980097,592347374044852224,592619602619736064,592270761898811392,592317382590210050
592024096059305984:592387366448312320,592363638003867648,592370309757435904,592059620799057920,592315161282678784
592028815234207745:592206570974416897,591990204983971840,592332639589113856,592388575934611456,592312666883895296
592035222650167296:592309926526980097,592332639589113856,592387366448312320,591990204983971840,592356570421268480
592043734218375168:592332639589113856,592312666883895296,592387366448312320,592696857815572481,592202500435902467
592049438908092416:592197498342494208,592393075189657600,592347374044852224,592548743204962304,592053799033970689
592050419259453440:592356570421268480,592360784354672640,592379519350087681,592086812593557504,592233887851368448
592052489240780800:592016806153293825,592021167046819841,592239896103780352,591980083478302720,592238754825273345
592066377768443904:592679798817816576,592347374044852224,592314044746366977,592314718435479552,592089446830440448
592076323297759232:592373593394323459,592616054712479744,592025366794936321,592478202473287680,592125028558184448
592135286466945024:592097046309441537,592059620799057920,592344097743998976,592278091386454016,592221666312204288
592139574266044416:591992777736499200,592390065281585154,592340100538761217,592392312849739776,592541356645453825
592142806304436224:592159197174697985,592261617682808832,592258807683686400,592048683866173440,592392312849739776
592148963110703105:592394905571307520,592017398363918336,592363638003867648,591990204983971840,591999421975396352
592155414029991937:592279583606632448,592619602619736064,592336609548337152,592298894471528448,592312666883895296
592174366344884224:592355054323019776,592393472839196672,592323037246066688,592342335406505987,592247726194040832
592176679214133248:592548743204962304,592054705838268417,592524503617404929,592329383110541314,592021652533153792
592176920617361408:592393075189657600,592329383110541314,592332639589113856,592393742767628288,592372840042639360
592178230452326401:592336609548337152,592393742767628288,592298894471528448,592312666883895296,592247726194040832
592181615658291200:592349610988843008,592524503617404929,592137179234631680,592019272903172096,592355806160420865
592181723967926274:592332639589113856,592393742767628288,592254742979444736,592217368375402496,592387366448312320
592186643290853376:592291649356570626,592619602619736064,592605903246921728,591981776794296321,592541356645453825
592187621213806592:592279583606632448,592619602619736064,592332639589113856,592312666883895296,592387366448312320
592189847936180225:592003933238759424,592652635439697921,592242055788658688,592379519350087681,592301945525641216
592191998196494336:592353790520528896,592315161282678784,592387366448312320,592344703850254336,591990204983971840
592192429928763392:592197498342494208,591994540166250497,592005225709461505,592372840042639360,592058471354216448
592197561575833600:592049561398480896,592054705838268417,592619602619736064,592184317712965634,592179127303667712
592208493848895489:592332639589113856,592393742767628288,592388575934611456,592312666883895296,592392312849739776
592209596183285762:592562912293621760,592317382590210050,592196446797090816,592677666144288769,592346935626838016
592209897825013761:592264581965197313,592154692970385408,592224438575190016,592395138988539904,592026266569543680
592211354515156992:592279031594123264,592019272903172096,592373031063785472,592037727727529985,591979126350741505
592211486795137024:592237706119225344,592001500198490112,592318876496474116,592325457590235136,592541356645453825
591922042481479680:592001500198490112,592031700697255936,592052475806396417,592068279033794561,592258807683686400
592275945391697920:592282804114870272,592301964857217024,592336698073358336,592393075189657600,592548743204962304
