****************** English tweets **********************
592632778451132417
592683588258308098
591996367784026113
592549938073980928
592279426030641153
592012112500666370
592542239563378688
592174366344884224
592049438908092416
592552801546305536
592035222650167296
592257707408642048
592339760330379264
592389454045655040
592211486795137024
592315004533084160
592197561575833600
592023168681775104
592076323297759232
592249969987461121
592355156085186560
591996373869826048
592220518763274241
592379481731375104
592629652818034688
592251287820849152
592313828072755200
592331213005697025
591992896485597184
591995052169105408
592521218407858176
592560461909921792
592342067033939970
592585616438636544
592355847121936384
592668554568282112
592043734218375168
592148963110703105
592018533673869313
592348809927102465
592281354680696832
592290022390398978
592560469694644224
592222997156474880
592236359823151104
592300689742692353
592509413807693825
592189847936180225
592367918131871744
592066377768443904
592022722437218304
592382943177277440
592217703563177984
592281070776651776
592346324286050305
592522897584836608
592362781665468416
592181723967926274
592378613955174400
592028815234207745
592186643290853376
592372631187238913
591976009823428608
592215009255555074
592654747175358464
592378603947458560
592618338649579520
592681038150774784
592209596183285762
592139574266044416
592220359803437056
592011381005651968
592560157306982400
592339227976806400
592273283233353728
592301932800151553
592376974934310912
592661298036547585
592279403679223809
592370709243899904
592142806304436224
592697454451171330
592297709274431489
592181615658291200
592598491706232832
592215736669442050
592155414029991937
592620564419780608
592241024249925632
592236529654702080
592298130000883712
592018397384286208
592284518796529664
592580417871450113
592648392691560449
592287188995448832
592505057553326080
592364546032930816
592581865610969088
591985786880327682
591988336090173440
592191998196494336
592545267859070976
592317457475379200
592323424136990720
592568573609934848
592334978282696705
592364807925452803
592692667231907841
592267700853821440
591987020924260354
592222331025502208
592246635071049728
592355054323019776
592296149047840768
592389952530350080
592391743124832256
592657036715937792
592391063874064384
592394606827819008
592135286466945024
592176679214133248
592647856160378881
592239653077393408
592208493848895489
592247746251214848
592378023556448256
592374763303010305
592024096059305984
592613731328069632
592561602072682496
592176920617361408
592221039867793408
592259302917677057
592320829624492032
592649050484117504
592368351587868672
592574305218596864
592258807683686400
592358567560122369
592302286224756736
592317171772043264
592381779849314304
592277527432859649
592213511796752384
592636278753009665
592281143434608640
592349024574840834
592348601184952321
592317515272818688
592660515886866435
592263482415845376
592517202965725185
591979790627840000
592628956584521728
592256891226468352
592357299601027072
592287122192609280
592387266502266880
592289768211283969
592652895713112065
592343977572966400
592014627862523904
592670581960658944
592178230452326401
592303614820909056
592192429928763392
592697748400517121
592187621213806592
592650977926377473
592595552723804163
592211354515156992
592298916109922304
592264283704070144
592341962667130880
592529670836355072
592391964194111488
592050419259453440
592526595774021632
592580627251077120
592006860271521793
592339472831762432
592374969067143168
592513072801054720
592265539377967106
592630528022577154
592209897825013761
591989264256106499
592374976390438912
592006342212063232
592376977329299457
592321499517726721
592052489240780800
592269475203919872
592372743200354306
592563093185568768
592656054489591808
592232533900701696
592526495802925056
592617468004175872
592355188909875200

******************* Hindi tweets ****************************

592542968998821888
592275945391697920
591985311665684480
591922042481479680

****************** Nepali tweets ****************************

592416303849209856
592005075481964544
592303865304723457
592043320714465280
592257971767250944
592291175530246144
