****************** English tweets **********************
592350261454118913
592389046913007616
592667760880132096
592380080636104704
592092586174611459
592229010060410880
592067446158204928
592513064617922561
592370576158642176
592361610045362176
592370464355262464
592393013843795968
592250977043910656
592577300287229952
592315161282678784
592583720827228160
592533727613321217
592024270705860608
592613706875305984
592014898785230848
592219443742134272
591992777736499200
592377841251012608
591979126350741505
592348009997807616
592386580259610624
592344703850254336
592018368279908352
592368286785884161
592183073443172352
592208444402208768
592206967608741889
592251272482267136
592307682637283329
592269207905046528
592223004282589184
592075271013969920
592054705838268417
592350761213825024
591992680479006721
592376177186091008
592305660642996224
592634239411101696
592392698125946880
592217837361442816
592249577006239744
592176946642980864
592246969487069185
592373031063785472
592579482407424000
592660156183371776
592295807371476993
592030087714856960
592325268833902592
592207177642856448
592303054243762176
592394613249351680
592382796355604481
592309926526980097
592296369060073473
592534117738270720
592354706619437056
592328659878318080
592696857815572481
592071141965045763
592301945525641216
592579854916128768
592262536063492096
592301964857217024
592372840042639360
592370905885605889
592560942979756034
592179384385024000
592576545132126208
592605903246921728
592317515272818688
592352602765053953
592391381579993088
592375107860996097
592156478422712320
592037260905869312
592215884669693952
591995512171024387
592597055241134080
592191451674476544
592022537682427904
592340961243435008
592248331339898880
592525041876783104
592616054712479744
592210302302720001
592293865148837889
592628242831450112
592336609548337152
592648479077314560
592391585255530498
592538510042615809
592677515514269696
591999934427045888
592206189028511745
592044539675680768
592170761382596609
592342464179998721
592293186778705920
592588105271484416
592024069446348800
592611676383358976
592381687478235136
592365529349824512
592355054323019776
592332896591093760
592356399776079872
592161141830209536
592029527804542976
592317382590210050
592338329485508608
592037727727529985
592096370355351552
592223073996124160
592394729469317120
592302023510360067
592342335406505987
592340045224345601
592243506342731776
592086812593557504
591974595525128195
592363638003867648
591990204983971840
592604383046578176
592316812424937473
592617243516604416
592610036033015808
592275018131771392
592667835735928833
592059620799057920
592169535878365184
591976580232052736
592573407687942144
592188043785678848
592379078344249344
592588167104036865
592273191751389184
592015991573360640
592579789745033216
592325073165389826
592588449619648512
592642423265894401
592589834960637952
592618316121960449
592584989092421632
592581592515612672
592218605044912128
592370772980596736
592089446830440448
592274977384075264
592542569537654784
591988401621962752
592224931875794944
592341479630118912
592331307880878080
592048683866173440
592286837944619008
592386421630967808
592394905571307520
592569341452767232
592277073118437377
592611626559229953
592360784354672640
592345114577653760
592338525514702848
592372761378430977
592578085922320384
592301294972350466
592272097356845057
592255633400860673
592241031162105856
592356570421268480
592244931181293568
592311043302395904
592279829644333057
592247011862188032
592179127303667712
592607636459225088
592082703232540673
591999611184680961
592248641227591680
592337850429001729
592022407885496320
592336802020626432
592301302312382464
592352765415817216
592220994326040576
592097046309441537
592614208459550720
592197933690261504
592317103157350400
591999286679769090
592272663910817792
592362464601182208
591991020142792704
592580495239589888
592040884427890688
592538697305870336
592230864123088896
592029014887399424
592200980906672128
592388013872648192
592382428603252736
592579896087449600
592316116346605568
592026322865500160
592049425868050433
592144301603225600
592560736855011330
592580850971123713
592201203347378177
592486865535520768
591986490038558722
592614462965714944
592146601432387584
592353790520528896
592527731327401984
592609666309296128
592012462423052288
592371475799146496
592390065281585154
592258310696501248
591979747296485376
592363863720333312
592393539985608704
592360702850936834
592082404971454464
592207027549540353
592279583606632448
591986194893901824
592611013364686848
592341643623272450
592520896364949505
592323037246066688
592278198596997121
592215865992568832
592336681228865538
592677666144288769
592339026897547267
592214348455514112
592220239095431168
592524503617404929
592471118184882177
592288252628893696
592652635439697921
592206738507440128
592031700697255936
592393244136185856
592052647873482752
592555718617632768
592349610988843008
592336698073358336
592683279188361217
592370309757435904
592367062657343488
592306614092308480
592360767959105537
592299336177856512
591991403783159808
592193754393489408
592323852610371584
592361423352696832
592004040961069057
591994540166250497
592379519350087681
592053799033970689
592221210928230401
592599375387328513
592388014938005504
592341280103014401
592556996752056320
592100827428360192
592253039299330048
592379318744981505
592254742979444736
592347499748335618
592007187213393920
592314718435479552
592645149282340864
592557120505024512
592224438575190016
592381136757592064
591975888494854145
592393742767628288
592000290921918464
591992326504849408
592239653077393408
592054993068302337
592058423933440000
592511396564357121
592581358775599105
592041494447394817
592379281008820224
592211633142796288
592033004001726464
592610355823554560
592679798817816576
592058471354216448
592324346854514688
592029815596810241
592587948123561985
592346935626838016
592302665280786432
592682158814339072
592394775094951936
592388351631568896
592290946823270400
592697492422144000
592379576581402624
592207134323965952
592477276530323456
592233887851368448
592643848385335296
592379938793095168
592052475806396417
592239615194439680
592308226323976192
592605966132056064
592143616782405632
592637510523564032
592251391508283392
592306630466740225
592341718017540096
592308037802561536
592562250189295616
592285545444679681
592184317712965634
592366584854786048
592261510048522242
592541356645453825
592629105444552705
592017398363918336
592027147243401216
592344097743998976
592393472839196672
592214320127193088
592496723664052224
592588882530705408
592697535271174145
592380476427468800
592621963530539009
592019272903172096
592329805296578562
592085243659571200
592337675685888000
592648593384738816
592328635647832064
592548743204962304
592579617749278721
592217368375402496
592586955730210816
592394238320447488
592203258401173504
592619602619736064
591985972109123585
592236798186684416
592243905816563712
592145694057746432
592003335454076929
592473110135214080
592326419528568832
592388227127869442
592300662005739520
592016806153293825
592310137194287104
592298894471528448
592237757226881025
592379737198055424
592564683682422784
592310778323021824
592061445828775938
592518203609370624
592117505356730369
592697135390416899
592360847810371584
592562912293621760
592305031824613376
592196353381388289
592162799498854400
592613335033466880
592549088886923264
592379594310692864
592202500435902467
592313376081981442
592154692970385408
592194905511890944
592107886001541120
592615434207264768
592032737839685632
592180370591850496
592217003164868608
592198032810123264
592210395663728641
592207474062659584
592049388232531968
592039073503584256
592641402380505089
592345106625232896
592247418374094848
592684009563549696
592624358847164416
592575170075893761
592045590847983616
592382848721522688
592341156890947584
592251449054076928
592159197174697985
592543355210321920
592517115875168256
592363814370222080
592372761890140160
592349969497116672
592342866782855169
592184910741286913
592049216568066049
592372482159431680
592302610956222464
592288174677757952
592546301864058880
592576416266366976
592339054487801856
592330937448280064
592464937219452928
592566314855735296
592643776625123328
592206570974416897
592026266569543680
592216632954486786
592249795596562433
592231066083184640
592347374044852224
592245464700833792
592658425567453184
592045569591234560
592286175609561089
592358725773430785
592239782618636288
592137179234631680
592314850346307584
592261617682808832
592247872919183361
592572849300250624
592066101166616577
592283024668131328
592392312849739776
592242055788658688
592310653299204096
592344251528126465
592027270270726146
592600545451380736
592530979958329344
592333638189977600
592356425214492672
592283358391996416
592207802396971008
592332639589113856
592258807683686400
592271940242444289
592035712465129472
592375699178029056
592049417856909314
592333586734272512
592585807346597888
592233687825055745
592329383110541314
592231549833097216
592291649356570626
592001984951029760
592376200070324225
592270761898811392
592209571508158464
592048938355589120
592190504470589440
592033451718479873
592652513360220160
591984141773639680
592308669963833345
592537234869526528
592544896612859905
592565397037182977
592002516369309697
592392763263426560
592239896103780352
592182738637062145
592213017821106176
592310286498959362
592627440129703936
592390583185907712
592049561398480896
592240257518542848
592196446797090816
592394042253516800
592312666883895296
592223584153505792
592244636325978112
592381240247914496
592575313298595841
592314044746366977
592586598518235136
592334656634101760
592530052727832576
591986294554632192
592181103676391424
592590038623354881
592286450135076867
592324982622986240
591987578498232321
592034258039902208
592674856279355393
592349728324521984
592314971700105217
592282804114870272
592666086690189313
592005225709461505
592615081138999297
592031015259873280
592244040587878400
592529185588948993
592197498342494208
592295383990018050
592361331937816576
592278091386454016
591983826018041856
592575816250183680
591997966010855424
592001500198490112
592355806160420865
592549944751337472
592694344655699968
592162027881140225
592607880450215936
592010391200215040
592321031647277056
592548359484801024
592008765039247360
591974898139987968
592623488696913920
592041784634580993
592195341455233024
591993859736870912
591989771473391616
592569607329697794
592385185368276992
592309452679712768
592125028558184448
592264581965197313
592206288857108482
592389040147542017
592010581550333952
592552601767448577
592346586946080768
592325457724440576
592543024355282944
591999421975396352
592324108366417921
592223549521154049
592147423683678208
592237706119225344
592375842849759234
592262151416459264
592004392091406336
592616549791506432
592262004263424002
592378065809846273
592215372582891520
591981776794296321
592034145645121536
592030914793836544
592349624666427392
592361295686471680
592028384634503168
592698989507715075
592619075957870592
592373593394323459
592372453902569473
592262421433098240
592388575934611456
592141305343381505
591977781749223424
591986527355338752
592197443225194498
592247726194040832
592370226789908482
592224514198540288
592213627148505088
592221666312204288
592022312226050049
592637788681424896
591978159102435328
592377039522430976
592300131396952064
592245742774849537
592279031594123264
592016672355061760
592328192804790272
592346465340559360
592278726328463360
592048956089106432
591999588766228482
592571302566764544
592028374794539008
592608596279435264
592580103969722368
592029398368411648
592005202816827392
592619730608861184
592552943125041152
592003933238759424
591991005248782336
592354130267504640
592269368668491776
592049012577947648
592543019749900288
592618355191730177
592347242490540034
592027572952834048
592348204026335232
592324992341159938
592068279033794561
592503079871741952
592026863398199296
592312868533510145
592021652533153792
592395138988539904
592318876496474116
592032983135072256
592332968783380481
592325457590235136
591991666526957568
592578762992025600
592033253781037056
591978910713139202
592032028930879488
592272296863215616
592603150047059968
592285803058868224
592044401599221760
592369004620066816
592340100538761217
592648262315876353
592393075189657600
592628934358863872
592540629860646914
592252959884320768
592478202473287680
592607368812236800
592629652818034688
592233496615071745
592670897477165059
592292157882413056
592363731067219969
592333677595480065
592238754825273345
592363268330680321
592308328455213057
592208546428637185
592514495890608128
592387366448312320
592383521697628160
592199197446770689
592579309899948032
592160896824246272
592296083272826880
592594537232629760
592025366794936321
592226833552179200
592021167046819841
591980083478302720
591995887360057345

******************* Hindi tweets ****************************
592391867615948800
592179623611342850
592373428931338240
592579403839721472
591968116919410690
591975873009582080
592263722346749952
592041383965249536
592612064952066048
592149547788275712
592147756615127042
591987632097202177
592595325853900800
592217547535056896
592639917831794688
592007873560875011
592025271768866816
592312804520173568
592597885679632384
592631087936843776
592183620896456704
592202232453591040
591997919529570304
592143030699872257
591988237209505793
592009582353862656
592225934016544768
591973907143335936
591939270673182721
592523285650231296

****************** Nepali tweets ****************************

592377097718378496
592159521243435008
592401648019865602
592005075481964544
592661430979141633
592586835500478464
592600033272274944
592651886215430144
591915875638325248
591933551798419456
592624864797818880
592663760919232512
592272207864139776
592339935232819201

